0	0	0
0.00100050025	0	0
0.0020010005	0	0
0.00300150075	0	0
0.004002001001	0	0
0.005002501251	0	0
0.006003001501	0	0
0.007003501751	0	0
0.008004002001	0	0
0.009004502251	0	0
0.0100050025	0	0
0.01100550275	0	0
0.012006003	0	0
0.01300650325	0	0
0.0140070035	0	0
0.01500750375	0	0
0.016008004	0	0
0.01700850425	0	0
0.0180090045	0	0
0.01900950475	0	0
0.020010005	0	0
0.02101050525	0	0
0.0220110055	0	0
0.02301150575	0	0
0.024012006	0	0
0.02501250625	0	0
0.0260130065	0	0
0.02701350675	0	0
0.028014007	0	0
0.02901450725	0	0
0.0300150075	0	0
0.03101550775	0	0
0.032016008	0	0
0.03301650825	0	0
0.0340170085	0	0
0.03501750875	0	0
0.036018009	0	0
0.03701850925	0	0
0.0380190095	0	0
0.03901950975	0	0
0.04002001001	0	0
0.04102051026	0	0
0.04202101051	0	0
0.04302151076	0	0
0.04402201101	0	0
0.04502251126	0	0
0.04602301151	0	0
0.04702351176	0	0
0.04802401201	0	0
0.04902451226	0	0
0.05002501251	0	0
0.05102551276	0	0
0.05202601301	0	0
0.05302651326	0	0
0.05402701351	0	0
0.05502751376	0	0
0.05602801401	0	0
0.05702851426	0	0
0.05802901451	0	0
0.05902951476	0	0
0.06003001501	0	0
0.06103051526	0	0
0.06203101551	0	0
0.06303151576	0	0
0.06403201601	0	0
0.06503251626	0	0
0.06603301651	0	0
0.06703351676	0	0
0.06803401701	0	0
0.06903451726	0	0
0.07003501751	0	0
0.07103551776	0	0
0.07203601801	0	0
0.07303651826	0	0
0.07403701851	0	0
0.07503751876	0	0
0.07603801901	0	0
0.07703851926	0	0
0.07803901951	0	0
0.07903951976	0	0
0.08004002001	0	0
0.08104052026	0	0
0.08204102051	0	0
0.08304152076	0	0
0.08404202101	0	0
0.08504252126	0	0
0.08604302151	0	0
0.08704352176	0	0
0.08804402201	0	0
0.08904452226	0	0
0.09004502251	0	0
0.09104552276	0	0
0.09204602301	0	0
0.09304652326	0	0
0.09404702351	0	0
0.09504752376	0	0
0.09604802401	0	0
0.09704852426	0	0
0.09804902451	0	0
0.09904952476	0	0
0.100050025	0	0
0.1010505253	0	0
0.1020510255	0	0
0.1030515258	0	0
0.104052026	0	0
0.1050525263	0	0
0.1060530265	0	0
0.1070535268	0	0
0.108054027	0	0
0.1090545273	0	0
0.1100550275	0	0
0.1110555278	0	0
0.112056028	0	0
0.1130565283	0	0
0.1140570285	0	0
0.1150575288	0	0
0.116058029	0	0
0.1170585293	0	0
0.1180590295	0	0
0.1190595298	0	0
0.12006003	0	0
0.1210605303	0	0
0.1220610305	0	0
0.1230615308	0	0
0.124062031	0	0
0.1250625313	0	0
0.1260630315	0	0
0.1270635318	0	0
0.128064032	0	0
0.1290645323	0	0
0.1300650325	0	0
0.1310655328	0	0
0.132066033	0	0
0.1330665333	0	0
0.1340670335	0	0
0.1350675338	0	0
0.136068034	0	0
0.1370685343	0	0
0.1380690345	0	0
0.1390695348	0	0
0.140070035	0	0
0.1410705353	0	0
0.1420710355	0	0
0.1430715358	0	0
0.144072036	0	0
0.1450725363	0	0
0.1460730365	0	0
0.1470735368	0	0
0.148074037	0	0
0.1490745373	0	0
0.1500750375	0	0
0.1510755378	0	0
0.152076038	0	0
0.1530765383	0	0
0.1540770385	0	0
0.1550775388	0	0
0.156078039	0	0
0.1570785393	0	0
0.1580790395	0	0
0.1590795398	0	0
0.16008004	0	0
0.1610805403	0	0
0.1620810405	0	0
0.1630815408	0	0
0.164082041	0	0
0.1650825413	0	0
0.1660830415	0	0
0.1670835418	0	0
0.168084042	0	0
0.1690845423	0	0
0.1700850425	0	0
0.1710855428	0	0
0.172086043	0	0
0.1730865433	0	0
0.1740870435	0	0
0.1750875438	0	0
0.176088044	0	0
0.1770885443	0	0
0.1780890445	0	0
0.1790895448	0	0
0.180090045	0	0
0.1810905453	0	0
0.1820910455	0	0
0.1830915458	0	0
0.184092046	0	0
0.1850925463	0	0
0.1860930465	0	0
0.1870935468	0	0
0.188094047	0	0
0.1890945473	0	0
0.1900950475	0	0
0.1910955478	0	0
0.192096048	0	0
0.1930965483	0	0
0.1940970485	0	0
0.1950975488	0	0
0.196098049	0	0
0.1970985493	0	0
0.1980990495	0	0
0.1990995498	0	0
0.20010005	0	0
0.2011005503	0	0
0.2021010505	0	0
0.2031015508	0	0
0.204102051	0	0
0.2051025513	0	0
0.2061030515	0	0
0.2071035518	0	0
0.208104052	0	0
0.2091045523	0	0
0.2101050525	0	0
0.2111055528	0	0
0.212106053	0	0
0.2131065533	0	0
0.2141070535	0	0
0.2151075538	0	0
0.216108054	0	0
0.2171085543	0	0
0.2181090545	0	0
0.2191095548	0	0
0.220110055	0	0
0.2211105553	0	0
0.2221110555	0	0
0.2231115558	0	0
0.224112056	0	0
0.2251125563	0	0
0.2261130565	0	0
0.2271135568	0	0
0.228114057	0	0
0.2291145573	0	0
0.2301150575	0	0
0.2311155578	0	0
0.232116058	0	0
0.2331165583	0	0
0.2341170585	0	0
0.2351175588	0	0
0.236118059	0	0
0.2371185593	0	0
0.2381190595	0	0
0.2391195598	0	0
0.24012006	0	0
0.2411205603	0	0
0.2421210605	0	0
0.2431215608	0	0
0.244122061	0	0
0.2451225613	0	0
0.2461230615	0	0
0.2471235618	0	0
0.248124062	0	0
0.2491245623	0	0
0.2501250625	0	0
0.2511255628	0	0
0.252126063	0	0
0.2531265633	0	0
0.2541270635	0	0
0.2551275638	0	0
0.256128064	0	0
0.2571285643	0	0
0.2581290645	0	0
0.2591295648	0	0
0.260130065	0	0
0.2611305653	0	0
0.2621310655	0	0
0.2631315658	0	0
0.264132066	0	0
0.2651325663	0	0
0.2661330665	0	0
0.2671335668	0	0
0.268134067	0	0
0.2691345673	0	0
0.2701350675	0	0
0.2711355678	0	0
0.272136068	0	0
0.2731365683	0	0
0.2741370685	0	0
0.2751375688	0	0
0.276138069	0	0
0.2771385693	0	0
0.2781390695	0	0
0.2791395698	0	0
0.28014007	0	0
0.2811405703	0	0
0.2821410705	0	0
0.2831415708	0	0
0.284142071	0	0
0.2851425713	0	0
0.2861430715	0	0
0.2871435718	0	0
0.288144072	0	0
0.2891445723	0	0
0.2901450725	0	0
0.2911455728	0	0
0.292146073	0	0
0.2931465733	0	0
0.2941470735	0	0
0.2951475738	0	0
0.296148074	0	0
0.2971485743	0	0
0.2981490745	0	0
0.2991495748	0	0
0.300150075	0	0
0.3011505753	0	0
0.3021510755	0	0
0.3031515758	0	0
0.304152076	0	0
0.3051525763	0	0
0.3061530765	0	0
0.3071535768	0	0
0.308154077	0	0
0.3091545773	0	0
0.3101550775	0	0
0.3111555778	0	0
0.312156078	0	0
0.3131565783	0	0
0.3141570785	0	0
0.3151575788	0	0
0.316158079	0	0
0.3171585793	0	0
0.3181590795	0	0
0.3191595798	0	0
0.32016008	0	0
0.3211605803	0	0
0.3221610805	0	0
0.3231615808	0	0
0.324162081	0	0
0.3251625813	0	0
0.3261630815	0	0
0.3271635818	0	0
0.328164082	0	0
0.3291645823	0	0
0.3301650825	0	0
0.3311655828	0	0
0.332166083	0	0
0.3331665833	0	0
0.3341670835	0	0
0.3351675838	0	0
0.336168084	0	0
0.3371685843	0	0
0.3381690845	0	0
0.3391695848	0	0
0.340170085	0	0
0.3411705853	0	0
0.3421710855	0	0
0.3431715858	0	0
0.344172086	0	0
0.3451725863	0	0
0.3461730865	0	0
0.3471735868	0	0
0.348174087	0	0
0.3491745873	0	0
0.3501750875	0	0
0.3511755878	0	0
0.352176088	0	0
0.3531765883	0	0
0.3541770885	0	0
0.3551775888	0	0
0.356178089	0	0
0.3571785893	0	0
0.3581790895	0	0
0.3591795898	0	0
0.36018009	0	0
0.3611805903	0	0
0.3621810905	0	0
0.3631815908	0	0
0.364182091	0	0
0.3651825913	0	0
0.3661830915	0	0
0.3671835918	0	0
0.368184092	0	0
0.3691845923	0	0
0.3701850925	0	0
0.3711855928	0	0
0.372186093	0	0
0.3731865933	0	0
0.3741870935	0	0
0.3751875938	0	0
0.376188094	0	0
0.3771885943	0	0
0.3781890945	0	0
0.3791895948	0	0
0.380190095	0	0
0.3811905953	0	0
0.3821910955	0	0
0.3831915958	0	0
0.384192096	0	0
0.3851925963	0	0
0.3861930965	0	0
0.3871935968	0	0
0.388194097	0	0
0.3891945973	0	0
0.3901950975	0	0
0.3911955978	0	0
0.392196098	0	0
0.3931965983	0	0
0.3941970985	0	0
0.3951975988	0	0
0.396198099	0	0
0.3971985993	0	0
0.3981990995	0	0
0.3991995998	0	0
0.4002001001	0	0
0.4012006003	0	0
0.4022011006	0	0
0.4032016008	0	0
0.4042021011	0	0
0.4052026013	0	0
0.4062031016	0	0
0.4072036018	0	0
0.4082041021	0	0
0.4092046023	0	0
0.4102051026	0	0
0.4112056028	0	0
0.4122061031	0	0
0.4132066033	0	0
0.4142071036	0	0
0.4152076038	0	0
0.4162081041	0	0
0.4172086043	0	0
0.4182091046	0	0
0.4192096048	0	0
0.4202101051	0	0
0.4212106053	0	0
0.4222111056	0	0
0.4232116058	0	0
0.4242121061	0	0
0.4252126063	0	0
0.4262131066	0	0
0.4272136068	0	0
0.4282141071	0	0
0.4292146073	0	0
0.4302151076	0	0
0.4312156078	0	0
0.4322161081	0	0
0.4332166083	0	0
0.4342171086	0	0
0.4352176088	0	0
0.4362181091	0	0
0.4372186093	0	0
0.4382191096	0	0
0.4392196098	0	0
0.4402201101	0	0
0.4412206103	0	0
0.4422211106	0	0
0.4432216108	0	0
0.4442221111	0	0
0.4452226113	0	0
0.4462231116	0	0
0.4472236118	0	0
0.4482241121	0	0
0.4492246123	0	0
0.4502251126	0	0
0.4512256128	0	0
0.4522261131	0	0
0.4532266133	0	0
0.4542271136	0	0
0.4552276138	0	0
0.4562281141	0	0
0.4572286143	0	0
0.4582291146	0	0
0.4592296148	0	0
0.4602301151	0	0
0.4612306153	0	0
0.4622311156	0	0
0.4632316158	0	0
0.4642321161	0	0
0.4652326163	0	0
0.4662331166	0	0
0.4672336168	0	0
0.4682341171	0	0
0.4692346173	0	0
0.4702351176	0	0
0.4712356178	0	0
0.4722361181	0	0
0.4732366183	0	0
0.4742371186	0	0
0.4752376188	0	0
0.4762381191	0	0
0.4772386193	0	0
0.4782391196	0	0
0.4792396198	0	0
0.4802401201	0	0
0.4812406203	0	0
0.4822411206	0	0
0.4832416208	0	0
0.4842421211	0	0
0.4852426213	0	0
0.4862431216	0	0
0.4872436218	0	0
0.4882441221	0	0
0.4892446223	0	0
0.4902451226	0	0
0.4912456228	0	0
0.4922461231	0	0
0.4932466233	0	0
0.4942471236	0	0
0.4952476238	0	0
0.4962481241	0	0
0.4972486243	0	0
0.4982491246	0	0
0.4992496248	0	0
0.5002501251	0	0
0.5012506253	0	0
0.5022511256	0	0
0.5032516258	0	0
0.5042521261	0	0
0.5052526263	0	0
0.5062531266	0	0
0.5072536268	0	0
0.5082541271	0	0
0.5092546273	0	0
0.5102551276	0	0
0.5112556278	0	0
0.5122561281	0	0
0.5132566283	0	0
0.5142571286	0	0
0.5152576288	0	0
0.5162581291	0	0
0.5172586293	0	0
0.5182591296	0	0
0.5192596298	0	0
0.5202601301	0	0
0.5212606303	0	0
0.5222611306	0	0
0.5232616308	0	0
0.5242621311	0	0
0.5252626313	0	0
0.5262631316	0	0
0.5272636318	0	0
0.5282641321	0	0
0.5292646323	0	0
0.5302651326	0	0
0.5312656328	0	0
0.5322661331	0	0
0.5332666333	0	0
0.5342671336	0	0
0.5352676338	0	0
0.5362681341	0	0
0.5372686343	0	0
0.5382691346	0	0
0.5392696348	0	0
0.5402701351	0	0
0.5412706353	0	0
0.5422711356	0	0
0.5432716358	0	0
0.5442721361	0	0
0.5452726363	0	0
0.5462731366	0	0
0.5472736368	0	0
0.5482741371	0	0
0.5492746373	0	0
0.5502751376	0	0
0.5512756378	0	0
0.5522761381	0	0
0.5532766383	0	0
0.5542771386	0	0
0.5552776388	0	0
0.5562781391	0	0
0.5572786393	0	0
0.5582791396	0	0
0.5592796398	0	0
0.5602801401	0	0
0.5612806403	0	0
0.5622811406	0	0
0.5632816408	0	0
0.5642821411	0	0
0.5652826413	0	0
0.5662831416	0	0
0.5672836418	0	0
0.5682841421	0	0
0.5692846423	0	0
0.5702851426	0	0
0.5712856428	0	0
0.5722861431	0	0
0.5732866433	0	0
0.5742871436	0	0
0.5752876438	0	0
0.5762881441	0	0
0.5772886443	0	0
0.5782891446	0	0
0.5792896448	0	0
0.5802901451	0	0
0.5812906453	0	0
0.5822911456	0	0
0.5832916458	0	0
0.5842921461	0	0
0.5852926463	0	0
0.5862931466	0	0
0.5872936468	0	0
0.5882941471	0	0
0.5892946473	0	0
0.5902951476	0	0
0.5912956478	0	0
0.5922961481	0	0
0.5932966483	0	0
0.5942971486	0	0
0.5952976488	0	0
0.5962981491	0	0
0.5972986493	0	0
0.5982991496	0	0
0.5992996498	0	0
0.6003001501	0	0
0.6013006503	0	0
0.6023011506	0	0
0.6033016508	0	0
0.6043021511	0	0
0.6053026513	0	0
0.6063031516	0	0
0.6073036518	0	0
0.6083041521	0	0
0.6093046523	0	0
0.6103051526	0	0
0.6113056528	0	0
0.6123061531	0	0
0.6133066533	0	0
0.6143071536	0	0
0.6153076538	0	0
0.6163081541	0	0
0.6173086543	0	0
0.6183091546	0	0
0.6193096548	0	0
0.6203101551	0	0
0.6213106553	0	0
0.6223111556	0	0
0.6233116558	0	0
0.6243121561	0	0
0.6253126563	0	0
0.6263131566	0	0
0.6273136568	0	0
0.6283141571	0	0
0.6293146573	0	0
0.6303151576	0	0
0.6313156578	0	0
0.6323161581	0	0
0.6333166583	0	0
0.6343171586	0	0
0.6353176588	0	0
0.6363181591	0	0
0.6373186593	0	0
0.6383191596	0	0
0.6393196598	0	0
0.6403201601	0	0
0.6413206603	0	0
0.6423211606	0	0
0.6433216608	0	0
0.6443221611	0	0
0.6453226613	0	0
0.6463231616	0	0
0.6473236618	0	0
0.6483241621	0	0
0.6493246623	0	0
0.6503251626	0	0
0.6513256628	0	0
0.6523261631	0	0
0.6533266633	0	0
0.6543271636	0	0
0.6553276638	0	0
0.6563281641	0	0
0.6573286643	0	0
0.6583291646	0	0
0.6593296648	0	0
0.6603301651	0	0
0.6613306653	0	0
0.6623311656	0	0
0.6633316658	0	0
0.6643321661	0	0
0.6653326663	0	0
0.6663331666	0	0
0.6673336668	0	0
0.6683341671	0	0
0.6693346673	0	0
0.6703351676	0	0
0.6713356678	0	0
0.6723361681	0	0
0.6733366683	0	0
0.6743371686	0	0
0.6753376688	0	0
0.6763381691	0	0
0.6773386693	0	0
0.6783391696	0	0
0.6793396698	0	0
0.6803401701	0	0
0.6813406703	0	0
0.6823411706	0	0
0.6833416708	0	0
0.6843421711	0	0
0.6853426713	0	0
0.6863431716	0	0
0.6873436718	0	0
0.6883441721	0	0
0.6893446723	0	0
0.6903451726	0	0
0.6913456728	0	0
0.6923461731	0	0
0.6933466733	0	0
0.6943471736	0	0
0.6953476738	0	0
0.6963481741	0	0
0.6973486743	0	0
0.6983491746	0	0
0.6993496748	0	0
0.7003501751	0	0
0.7013506753	0	0
0.7023511756	0	0
0.7033516758	0	0
0.7043521761	0	0
0.7053526763	0	0
0.7063531766	0	0
0.7073536768	0	0
0.7083541771	0	0
0.7093546773	0	0
0.7103551776	0	0
0.7113556778	0	0
0.7123561781	0	0
0.7133566783	0	0
0.7143571786	0	0
0.7153576788	0	0
0.7163581791	0	0
0.7173586793	0	0
0.7183591796	0	0
0.7193596798	0	0
0.7203601801	0	0
0.7213606803	0	0
0.7223611806	0	0
0.7233616808	0	0
0.7243621811	0	0
0.7253626813	0	0
0.7263631816	0	0
0.7273636818	0	0
0.7283641821	0	0
0.7293646823	0	0
0.7303651826	0	0
0.7313656828	0	0
0.7323661831	0	0
0.7333666833	0	0
0.7343671836	0	0
0.7353676838	0	0
0.7363681841	0	0
0.7373686843	0	0
0.7383691846	0	0
0.7393696848	0	0
0.7403701851	0	0
0.7413706853	0	0
0.7423711856	0	0
0.7433716858	0	0
0.7443721861	0	0
0.7453726863	0	0
0.7463731866	0	0
0.7473736868	0	0
0.7483741871	0	0
0.7493746873	0	0
0.7503751876	0	0
0.7513756878	0	0
0.7523761881	0	0
0.7533766883	0	0
0.7543771886	0	0
0.7553776888	0	0
0.7563781891	0	0
0.7573786893	0	0
0.7583791896	0	0
0.7593796898	0	0
0.7603801901	0	0
0.7613806903	0	0
0.7623811906	0	0
0.7633816908	0	0
0.7643821911	0	0
0.7653826913	0	0
0.7663831916	0	0
0.7673836918	0	0
0.7683841921	0	0
0.7693846923	0	0
0.7703851926	0	0
0.7713856928	0	0
0.7723861931	0	0
0.7733866933	0	0
0.7743871936	0	0
0.7753876938	0	0
0.7763881941	0	0
0.7773886943	0	0
0.7783891946	0	0
0.7793896948	0	0
0.7803901951	0	0
0.7813906953	0	0
0.7823911956	0	0
0.7833916958	0	0
0.7843921961	0	0
0.7853926963	0	0
0.7863931966	0	0
0.7873936968	0	0
0.7883941971	0	0
0.7893946973	0	0
0.7903951976	0	0
0.7913956978	0	0
0.7923961981	0	0
0.7933966983	0	0
0.7943971986	0	0
0.7953976988	0	0
0.7963981991	0	0
0.7973986993	0	0
0.7983991996	0	0
0.7993996998	0	0
0.8004002001	0	0
0.8014007004	0	0
0.8024012006	0	0
0.8034017009	0	0
0.8044022011	0	0
0.8054027014	0	0
0.8064032016	0	0
0.8074037019	0	0
0.8084042021	0	0
0.8094047024	0	0
0.8104052026	0	0
0.8114057029	0	0
0.8124062031	0	0
0.8134067034	0	0
0.8144072036	0	0
0.8154077039	0	0
0.8164082041	0	0
0.8174087044	0	0
0.8184092046	0	0
0.8194097049	0	0
0.8204102051	0	0
0.8214107054	0	0
0.8224112056	0	0
0.8234117059	0	0
0.8244122061	0	0
0.8254127064	0	0
0.8264132066	0	0
0.8274137069	0	0
0.8284142071	0	0
0.8294147074	0	0
0.8304152076	0	0
0.8314157079	0	0
0.8324162081	0	0
0.8334167084	0	0
0.8344172086	0	0
0.8354177089	0	0
0.8364182091	0	0
0.8374187094	0	0
0.8384192096	0	0
0.8394197099	0	0
0.8404202101	0	0
0.8414207104	0	0
0.8424212106	0	0
0.8434217109	0	0
0.8444222111	0	0
0.8454227114	0	0
0.8464232116	0	0
0.8474237119	0	0
0.8484242121	0	0
0.8494247124	0	0
0.8504252126	0	0
0.8514257129	0	0
0.8524262131	0	0
0.8534267134	0	0
0.8544272136	0	0
0.8554277139	0	0
0.8564282141	0	0
0.8574287144	0	0
0.8584292146	0	0
0.8594297149	0	0
0.8604302151	0	0
0.8614307154	0	0
0.8624312156	0	0
0.8634317159	0	0
0.8644322161	0	0
0.8654327164	0	0
0.8664332166	0	0
0.8674337169	0	0
0.8684342171	0	0
0.8694347174	0	0
0.8704352176	0	0
0.8714357179	0	0
0.8724362181	0	0
0.8734367184	0	0
0.8744372186	0	0
0.8754377189	0	0
0.8764382191	0	0
0.8774387194	0	0
0.8784392196	0	0
0.8794397199	0	0
0.8804402201	0	0
0.8814407204	0	0
0.8824412206	0	0
0.8834417209	0	0
0.8844422211	0	0
0.8854427214	0	0
0.8864432216	0	0
0.8874437219	0	0
0.8884442221	0	0
0.8894447224	0	0
0.8904452226	0	0
0.8914457229	0	0
0.8924462231	0	0
0.8934467234	0	0
0.8944472236	0	0
0.8954477239	0	0
0.8964482241	0	0
0.8974487244	0	0
0.8984492246	0	0
0.8994497249	0	0
0.9004502251	0	0
0.9014507254	0	0
0.9024512256	0	0
0.9034517259	0	0
0.9044522261	0	0
0.9054527264	0	0
0.9064532266	0	0
0.9074537269	0	0
0.9084542271	0	0
0.9094547274	0	0
0.9104552276	0	0
0.9114557279	0	0
0.9124562281	0	0
0.9134567284	0	0
0.9144572286	0	0
0.9154577289	0	0
0.9164582291	0	0
0.9174587294	0	0
0.9184592296	0	0
0.9194597299	0	0
0.9204602301	0	0
0.9214607304	0	0
0.9224612306	0	0
0.9234617309	0	0
0.9244622311	0	0
0.9254627314	0	0
0.9264632316	0	0
0.9274637319	0	0
0.9284642321	0	0
0.9294647324	0	0
0.9304652326	0	0
0.9314657329	0	0
0.9324662331	0	0
0.9334667334	0	0
0.9344672336	0	0
0.9354677339	0	0
0.9364682341	0	0
0.9374687344	0	0
0.9384692346	0	0
0.9394697349	0	0
0.9404702351	0	0
0.9414707354	0	0
0.9424712356	0	0
0.9434717359	0	0
0.9444722361	0	0
0.9454727364	0	0
0.9464732366	0	0
0.9474737369	0	0
0.9484742371	0	0
0.9494747374	0	0
0.9504752376	0	0
0.9514757379	0	0
0.9524762381	0	0
0.9534767384	0	0
0.9544772386	0	0
0.9554777389	0	0
0.9564782391	0	0
0.9574787394	0	0
0.9584792396	0	0
0.9594797399	0	0
0.9604802401	0	0
0.9614807404	0	0
0.9624812406	0	0
0.9634817409	0	0
0.9644822411	0	0
0.9654827414	0	0
0.9664832416	0	0
0.9674837419	0	0
0.9684842421	0	0
0.9694847424	0	0
0.9704852426	0	0
0.9714857429	0	0
0.9724862431	0	0
0.9734867434	0	0
0.9744872436	0	0
0.9754877439	0	0
0.9764882441	0	0
0.9774887444	0	0
0.9784892446	0	0
0.9794897449	0	0
0.9804902451	0	0
0.9814907454	0	0
0.9824912456	0	0
0.9834917459	0	0
0.9844922461	0	0
0.9854927464	0	0
0.9864932466	0	0
0.9874937469	0	0
0.9884942471	0	0
0.9894947474	0	0
0.9904952476	0	0
0.9914957479	0	0
0.9924962481	0	0
0.9934967484	0	0
0.9944972486	0	0
0.9954977489	0	0
0.9964982491	0	0
0.9974987494	0	0
0.9984992496	0	0
0.9994997499	0	0
1.00050025	0	0
1.00150075	0	0
1.002501251	0	0
1.003501751	0	0
1.004502251	0	0
1.005502751	0	0
1.006503252	0	0
1.007503752	0	0
1.008504252	0	0
1.009504752	0	0
1.010505253	0	0
1.011505753	0	0
1.012506253	0	0
1.013506753	0	0
1.014507254	0	0
1.015507754	0	0
1.016508254	0	0
1.017508754	0	0
1.018509255	0	0
1.019509755	0	0
1.020510255	0	0
1.021510755	0	0
1.022511256	0	0
1.023511756	0	0
1.024512256	0	0
1.025512756	0	0
1.026513257	0	0
1.027513757	0	0
1.028514257	0	0
1.029514757	0	0
1.030515258	0	0
1.031515758	0	0
1.032516258	0	0
1.033516758	0	0
1.034517259	0	0
1.035517759	0	0
1.036518259	0	0
1.037518759	0	0
1.03851926	0	0
1.03951976	0	0
1.04052026	0	0
1.04152076	0	0
1.042521261	0	0
1.043521761	0	0
1.044522261	0	0
1.045522761	0	0
1.046523262	0	0
1.047523762	0	0
1.048524262	0	0
1.049524762	0	0
1.050525263	0	0
1.051525763	0	0
1.052526263	0	0
1.053526763	0	0
1.054527264	0	0
1.055527764	0	0
1.056528264	0	0
1.057528764	0	0
1.058529265	0	0
1.059529765	0	0
1.060530265	0	0
1.061530765	0	0
1.062531266	0	0
1.063531766	0	0
1.064532266	0	0
1.065532766	0	0
1.066533267	0	0
1.067533767	0	0
1.068534267	0	0
1.069534767	0	0
1.070535268	0	0
1.071535768	0	0
1.072536268	0	0
1.073536768	0	0
1.074537269	0	0
1.075537769	0	0
1.076538269	0	0
1.077538769	0	0
1.07853927	0	0
1.07953977	0	0
1.08054027	0	0
1.08154077	0	0
1.082541271	0	0
1.083541771	0	0
1.084542271	0	0
1.085542771	0	0
1.086543272	0	0
1.087543772	0	0
1.088544272	0	0
1.089544772	0	0
1.090545273	0	0
1.091545773	0	0
1.092546273	0	0
1.093546773	0	0
1.094547274	0	0
1.095547774	0	0
1.096548274	0	0
1.097548774	0	0
1.098549275	0	0
1.099549775	0	0
1.100550275	0	0
1.101550775	0	0
1.102551276	0	0
1.103551776	0	0
1.104552276	0	0
1.105552776	0	0
1.106553277	0	0
1.107553777	0	0
1.108554277	0	0
1.109554777	0	0
1.110555278	0	0
1.111555778	0	0
1.112556278	0	0
1.113556778	0	0
1.114557279	0	0
1.115557779	0	0
1.116558279	0	0
1.117558779	0	0
1.11855928	0	0
1.11955978	0	0
1.12056028	0	0
1.12156078	0	0
1.122561281	0	0
1.123561781	0	0
1.124562281	0	0
1.125562781	0	0
1.126563282	0	0
1.127563782	0	0
1.128564282	0	0
1.129564782	0	0
1.130565283	0	0
1.131565783	0	0
1.132566283	0	0
1.133566783	0	0
1.134567284	0	0
1.135567784	0	0
1.136568284	0	0
1.137568784	0	0
1.138569285	0	0
1.139569785	0	0
1.140570285	0	0
1.141570785	0	0
1.142571286	0	0
1.143571786	0	0
1.144572286	0	0
1.145572786	0	0
1.146573287	0	0
1.147573787	0	0
1.148574287	0	0
1.149574787	0	0
1.150575288	0	0
1.151575788	0	0
1.152576288	0	0
1.153576788	0	0
1.154577289	0	0
1.155577789	0	0
1.156578289	0	0
1.157578789	0	0
1.15857929	0	0
1.15957979	0	0
1.16058029	0	0
1.16158079	0	0
1.162581291	0	0
1.163581791	0	0
1.164582291	0	0
1.165582791	0	0
1.166583292	0	0
1.167583792	0	0
1.168584292	0	0
1.169584792	0	0
1.170585293	0	0
1.171585793	0	0
1.172586293	0	0
1.173586793	0	0
1.174587294	0	0
1.175587794	0	0
1.176588294	0	0
1.177588794	0	0
1.178589295	0	0
1.179589795	0	0
1.180590295	0	0
1.181590795	0	0
1.182591296	0	0
1.183591796	0	0
1.184592296	0	0
1.185592796	0	0
1.186593297	0	0
1.187593797	0	0
1.188594297	0	0
1.189594797	0	0
1.190595298	0	0
1.191595798	0	0
1.192596298	0	0
1.193596798	0	0
1.194597299	0	0
1.195597799	0	0
1.196598299	0	0
1.197598799	0	0
1.1985993	0	0
1.1995998	0	0
1.2006003	0	0
1.2016008	0	0
1.202601301	0	0
1.203601801	0	0
1.204602301	0	0
1.205602801	0	0
1.206603302	0	0
1.207603802	0	0
1.208604302	0	0
1.209604802	0	0
1.210605303	0	0
1.211605803	0	0
1.212606303	0	0
1.213606803	0	0
1.214607304	0	0
1.215607804	0	0
1.216608304	0	0
1.217608804	0	0
1.218609305	0	0
1.219609805	0	0
1.220610305	0	0
1.221610805	0	0
1.222611306	0	0
1.223611806	0	0
1.224612306	0	0
1.225612806	0	0
1.226613307	0	0
1.227613807	0	0
1.228614307	0	0
1.229614807	0	0
1.230615308	0	0
1.231615808	0	0
1.232616308	0	0
1.233616808	0	0
1.234617309	0	0
1.235617809	0	0
1.236618309	0	0
1.237618809	0	0
1.23861931	0	0
1.23961981	0	0
1.24062031	0	0
1.24162081	0	0
1.242621311	0	0
1.243621811	0	0
1.244622311	0	0
1.245622811	0	0
1.246623312	0	0
1.247623812	0	0
1.248624312	0	0
1.249624812	0	0
1.250625313	0	0
1.251625813	0	0
1.252626313	0	0
1.253626813	0	0
1.254627314	0	0
1.255627814	0	0
1.256628314	0	0
1.257628814	0	0
1.258629315	0	0
1.259629815	0	0
1.260630315	0	0
1.261630815	0	0
1.262631316	0	0
1.263631816	0	0
1.264632316	0	0
1.265632816	0	0
1.266633317	0	0
1.267633817	0	0
1.268634317	0	0
1.269634817	0	0
1.270635318	0	0
1.271635818	0	0
1.272636318	0	0
1.273636818	0	0
1.274637319	0	0
1.275637819	0	0
1.276638319	0	0
1.277638819	0	0
1.27863932	0	0
1.27963982	0	0
1.28064032	0	0
1.28164082	0	0
1.282641321	0	0
1.283641821	0	0
1.284642321	0	0
1.285642821	0	0
1.286643322	0	0
1.287643822	0	0
1.288644322	0	0
1.289644822	0	0
1.290645323	0	0
1.291645823	0	0
1.292646323	0	0
1.293646823	0	0
1.294647324	0	0
1.295647824	0	0
1.296648324	0	0
1.297648824	0	0
1.298649325	0	0
1.299649825	0	0
1.300650325	0	0
1.301650825	0	0
1.302651326	0	0
1.303651826	0	0
1.304652326	0	0
1.305652826	0	0
1.306653327	0	0
1.307653827	0	0
1.308654327	0	0
1.309654827	0	0
1.310655328	0	0
1.311655828	0	0
1.312656328	0	0
1.313656828	0	0
1.314657329	0	0
1.315657829	0	0
1.316658329	0	0
1.317658829	0	0
1.31865933	0	0
1.31965983	0	0
1.32066033	0	0
1.32166083	0	0
1.322661331	0	0
1.323661831	0	0
1.324662331	0	0
1.325662831	0	0
1.326663332	0	0
1.327663832	0	0
1.328664332	0	0
1.329664832	0	0
1.330665333	0	0
1.331665833	0	0
1.332666333	0	0
1.333666833	0	0
1.334667334	0	0
1.335667834	0	0
1.336668334	0	0
1.337668834	0	0
1.338669335	0	0
1.339669835	0	0
1.340670335	0	0
1.341670835	0	0
1.342671336	0	0
1.343671836	0	0
1.344672336	0	0
1.345672836	0	0
1.346673337	0	0
1.347673837	0	0
1.348674337	0	0
1.349674837	0	0
1.350675338	0	0
1.351675838	0	0
1.352676338	0	0
1.353676838	0	0
1.354677339	0	0
1.355677839	0	0
1.356678339	0	0
1.357678839	0	0
1.35867934	0	0
1.35967984	0	0
1.36068034	0	0
1.36168084	0	0
1.362681341	0	0
1.363681841	0	0
1.364682341	0	0
1.365682841	0	0
1.366683342	0	0
1.367683842	0	0
1.368684342	0	0
1.369684842	0	0
1.370685343	0	0
1.371685843	0	0
1.372686343	0	0
1.373686843	0	0
1.374687344	0	0
1.375687844	0	0
1.376688344	0	0
1.377688844	0	0
1.378689345	0	0
1.379689845	0	0
1.380690345	0	0
1.381690845	0	0
1.382691346	0	0
1.383691846	0	0
1.384692346	0	0
1.385692846	0	0
1.386693347	0	0
1.387693847	0	0
1.388694347	0	0
1.389694847	0	0
1.390695348	0	0
1.391695848	0	0
1.392696348	0	0
1.393696848	0	0
1.394697349	0	0
1.395697849	0	0
1.396698349	0	0
1.397698849	0	0
1.39869935	0	0
1.39969985	0	0
1.40070035	0	0
1.40170085	0	0
1.402701351	0	0
1.403701851	0	0
1.404702351	0	0
1.405702851	0	0
1.406703352	0	0
1.407703852	0	0
1.408704352	0	0
1.409704852	0	0
1.410705353	0	0
1.411705853	0	0
1.412706353	0	0
1.413706853	0	0
1.414707354	0	0
1.415707854	0	0
1.416708354	0	0
1.417708854	0	0
1.418709355	0	0
1.419709855	0	0
1.420710355	0	0
1.421710855	0	0
1.422711356	0	0
1.423711856	0	0
1.424712356	0	0
1.425712856	0	0
1.426713357	0	0
1.427713857	0	0
1.428714357	0	0
1.429714857	0	0
1.430715358	0	0
1.431715858	0	0
1.432716358	0	0
1.433716858	0	0
1.434717359	0	0
1.435717859	0	0
1.436718359	0	0
1.437718859	0	0
1.43871936	0	0
1.43971986	0	0
1.44072036	0	0
1.44172086	0	0
1.442721361	0	0
1.443721861	0	0
1.444722361	0	0
1.445722861	0	0
1.446723362	0	0
1.447723862	0	0
1.448724362	0	0
1.449724862	0	0
1.450725363	0	0
1.451725863	0	0
1.452726363	0	0
1.453726863	0	0
1.454727364	0	0
1.455727864	0	0
1.456728364	0	0
1.457728864	0	0
1.458729365	0	0
1.459729865	0	0
1.460730365	0	0
1.461730865	0	0
1.462731366	0	0
1.463731866	0	0
1.464732366	0	0
1.465732866	0	0
1.466733367	0	0
1.467733867	0	0
1.468734367	0	0
1.469734867	0	0
1.470735368	0	0
1.471735868	0	0
1.472736368	0	0
1.473736868	0	0
1.474737369	0	0
1.475737869	0	0
1.476738369	0	0
1.477738869	0	0
1.47873937	0	0
1.47973987	0	0
1.48074037	0	0
1.48174087	0	0
1.482741371	0	0
1.483741871	0	0
1.484742371	0	0
1.485742871	0	0
1.486743372	0	0
1.487743872	0	0
1.488744372	0	0
1.489744872	0	0
1.490745373	0	0
1.491745873	0	0
1.492746373	0	0
1.493746873	0	0
1.494747374	0	0
1.495747874	0	0
1.496748374	0	0
1.497748874	0	0
1.498749375	0	0
1.499749875	0	0
1.500750375	0	0
1.501750875	0	0
1.502751376	0	0
1.503751876	0	0
1.504752376	0	0
1.505752876	0	0
1.506753377	0	0
1.507753877	0	0
1.508754377	0	0
1.509754877	0	0
1.510755378	0	0
1.511755878	0	0
1.512756378	0	0
1.513756878	0	0
1.514757379	0	0
1.515757879	0	0
1.516758379	0	0
1.517758879	0	0
1.51875938	0	0
1.51975988	0	0
1.52076038	0	0
1.52176088	0	0
1.522761381	0	0
1.523761881	0	0
1.524762381	0	0
1.525762881	0	0
1.526763382	0	0
1.527763882	0	0
1.528764382	0	0
1.529764882	0	0
1.530765383	0	0
1.531765883	0	0
1.532766383	0	0
1.533766883	0	0
1.534767384	0	0
1.535767884	0	0
1.536768384	0	0
1.537768884	0	0
1.538769385	0	0
1.539769885	0	0
1.540770385	0	0
1.541770885	0	0
1.542771386	0	0
1.543771886	0	0
1.544772386	0	0
1.545772886	0	0
1.546773387	0	0
1.547773887	0	0
1.548774387	0	0
1.549774887	0	0
1.550775388	0	0
1.551775888	0	0
1.552776388	0	0
1.553776888	0	0
1.554777389	0	0
1.555777889	0	0
1.556778389	0	0
1.557778889	0	0
1.55877939	0	0
1.55977989	0	0
1.56078039	0	0
1.56178089	0	0
1.562781391	0	0
1.563781891	0	0
1.564782391	0	0
1.565782891	0	0
1.566783392	0	0
1.567783892	0	0
1.568784392	0	0
1.569784892	0	0
1.570785393	0	0
1.571785893	0	0
1.572786393	0	0
1.573786893	0	0
1.574787394	0	0
1.575787894	0	0
1.576788394	0	0
1.577788894	0	0
1.578789395	0	0
1.579789895	0	0
1.580790395	0	0
1.581790895	0	0
1.582791396	0	0
1.583791896	0	0
1.584792396	0	0
1.585792896	0	0
1.586793397	0	0
1.587793897	0	0
1.588794397	0	0
1.589794897	0	0
1.590795398	0	0
1.591795898	0	0
1.592796398	0	0
1.593796898	0	0
1.594797399	0	0
1.595797899	0	0
1.596798399	0	0
1.597798899	0	0
1.5987994	0	0
1.5997999	0	0
1.6008004	0	0
1.6018009	0	0
1.602801401	0	0
1.603801901	0	0
1.604802401	0	0
1.605802901	0	0
1.606803402	0	0
1.607803902	0	0
1.608804402	0	0
1.609804902	0	0
1.610805403	0	0
1.611805903	0	0
1.612806403	0	0
1.613806903	0	0
1.614807404	0	0
1.615807904	0	0
1.616808404	0	0
1.617808904	0	0
1.618809405	0	0
1.619809905	0	0
1.620810405	0	0
1.621810905	0	0
1.622811406	0	0
1.623811906	0	0
1.624812406	0	0
1.625812906	0	0
1.626813407	0	0
1.627813907	0	0
1.628814407	0	0
1.629814907	0	0
1.630815408	0	0
1.631815908	0	0
1.632816408	0	0
1.633816908	0	0
1.634817409	0	0
1.635817909	0	0
1.636818409	0	0
1.637818909	0	0
1.63881941	0	0
1.63981991	0	0
1.64082041	0	0
1.64182091	0	0
1.642821411	0	0
1.643821911	0	0
1.644822411	0	0
1.645822911	0	0
1.646823412	0	0
1.647823912	0	0
1.648824412	0	0
1.649824912	0	0
1.650825413	0	0
1.651825913	0	0
1.652826413	0	0
1.653826913	0	0
1.654827414	0	0
1.655827914	0	0
1.656828414	0	0
1.657828914	0	0
1.658829415	0	0
1.659829915	0	0
1.660830415	0	0
1.661830915	0	0
1.662831416	0	0
1.663831916	0	0
1.664832416	0	0
1.665832916	0	0
1.666833417	0	0
1.667833917	0	0
1.668834417	0	0
1.669834917	0	0
1.670835418	0	0
1.671835918	0	0
1.672836418	0	0
1.673836918	0	0
1.674837419	0	0
1.675837919	0	0
1.676838419	0	0
1.677838919	0	0
1.67883942	0	0
1.67983992	0	0
1.68084042	0	0
1.68184092	0	0
1.682841421	0	0
1.683841921	0	0
1.684842421	0	0
1.685842921	0	0
1.686843422	0	0
1.687843922	0	0
1.688844422	0	0
1.689844922	0	0
1.690845423	0	0
1.691845923	0	0
1.692846423	0	0
1.693846923	0	0
1.694847424	0	0
1.695847924	0	0
1.696848424	0	0
1.697848924	0	0
1.698849425	0	0
1.699849925	0	0
1.700850425	0	0
1.701850925	0	0
1.702851426	0	0
1.703851926	0	0
1.704852426	0	0
1.705852926	0	0
1.706853427	0	0
1.707853927	0	0
1.708854427	0	0
1.709854927	0	0
1.710855428	0	0
1.711855928	0	0
1.712856428	0	0
1.713856928	0	0
1.714857429	0	0
1.715857929	0	0
1.716858429	0	0
1.717858929	0	0
1.71885943	0	0
1.71985993	0	0
1.72086043	0	0
1.72186093	0	0
1.722861431	0	0
1.723861931	0	0
1.724862431	0	0
1.725862931	0	0
1.726863432	0	0
1.727863932	0	0
1.728864432	0	0
1.729864932	0	0
1.730865433	0	0
1.731865933	0	0
1.732866433	0	0
1.733866933	0	0
1.734867434	0	0
1.735867934	0	0
1.736868434	0	0
1.737868934	0	0
1.738869435	0	0
1.739869935	0	0
1.740870435	0	0
1.741870935	0	0
1.742871436	0	0
1.743871936	0	0
1.744872436	0	0
1.745872936	0	0
1.746873437	0	0
1.747873937	0	0
1.748874437	0	0
1.749874937	0	0
1.750875438	0	0
1.751875938	0	0
1.752876438	0	0
1.753876938	0	0
1.754877439	0	0
1.755877939	0	0
1.756878439	0	0
1.757878939	0	0
1.75887944	0	0
1.75987994	0	0
1.76088044	0	0
1.76188094	0	0
1.762881441	0	0
1.763881941	0	0
1.764882441	0	0
1.765882941	0	0
1.766883442	0	0
1.767883942	0	0
1.768884442	0	0
1.769884942	0	0
1.770885443	0	0
1.771885943	0	0
1.772886443	0	0
1.773886943	0	0
1.774887444	0	0
1.775887944	0	0
1.776888444	0	0
1.777888944	0	0
1.778889445	0	0
1.779889945	0	0
1.780890445	0	0
1.781890945	0	0
1.782891446	0	0
1.783891946	0	0
1.784892446	0	0
1.785892946	0	0
1.786893447	0	0
1.787893947	0	0
1.788894447	0	0
1.789894947	0	0
1.790895448	0	0
1.791895948	0	0
1.792896448	0	0
1.793896948	0	0
1.794897449	0	0
1.795897949	0	0
1.796898449	0	0
1.797898949	0	0
1.79889945	0	0
1.79989995	0	0
1.80090045	0	0
1.80190095	0	0
1.802901451	0	0
1.803901951	0	0
1.804902451	0	0
1.805902951	0	0
1.806903452	0	0
1.807903952	0	0
1.808904452	0	0
1.809904952	0	0
1.810905453	0	0
1.811905953	0	0
1.812906453	0	0
1.813906953	0	0
1.814907454	0	0
1.815907954	0	0
1.816908454	0	0
1.817908954	0	0
1.818909455	0	0
1.819909955	0	0
1.820910455	0	0
1.821910955	0	0
1.822911456	0	0
1.823911956	0	0
1.824912456	0	0
1.825912956	0	0
1.826913457	0	0
1.827913957	0	0
1.828914457	0	0
1.829914957	0	0
1.830915458	0	0
1.831915958	0	0
1.832916458	0	0
1.833916958	0	0
1.834917459	0	0
1.835917959	0	0
1.836918459	0	0
1.837918959	0	0
1.83891946	0	0
1.83991996	0	0
1.84092046	0	0
1.84192096	0	0
1.842921461	0	0
1.843921961	0	0
1.844922461	0	0
1.845922961	0	0
1.846923462	0	0
1.847923962	0	0
1.848924462	0	0
1.849924962	0	0
1.850925463	0	0
1.851925963	0	0
1.852926463	0	0
1.853926963	0	0
1.854927464	0	0
1.855927964	0	0
1.856928464	0	0
1.857928964	0	0
1.858929465	0	0
1.859929965	0	0
1.860930465	0	0
1.861930965	0	0
1.862931466	0	0
1.863931966	0	0
1.864932466	0	0
1.865932966	0	0
1.866933467	0	0
1.867933967	0	0
1.868934467	0	0
1.869934967	0	0
1.870935468	0	0
1.871935968	0	0
1.872936468	0	0
1.873936968	0	0
1.874937469	0	0
1.875937969	0	0
1.876938469	0	0
1.877938969	0	0
1.87893947	0	0
1.87993997	0	0
1.88094047	0	0
1.88194097	0	0
1.882941471	0	0
1.883941971	0	0
1.884942471	0	0
1.885942971	0	0
1.886943472	0	0
1.887943972	0	0
1.888944472	0	0
1.889944972	0	0
1.890945473	0	0
1.891945973	0	0
1.892946473	0	0
1.893946973	0	0
1.894947474	0	0
1.895947974	0	0
1.896948474	0	0
1.897948974	0	0
1.898949475	0	0
1.899949975	0	0
1.900950475	0	0
1.901950975	0	0
1.902951476	0	0
1.903951976	0	0
1.904952476	0	0
1.905952976	0	0
1.906953477	0	0
1.907953977	0	0
1.908954477	0	0
1.909954977	0	0
1.910955478	0	0
1.911955978	0	0
1.912956478	0	0
1.913956978	0	0
1.914957479	0	0
1.915957979	0	0
1.916958479	0	0
1.917958979	0	0
1.91895948	0	0
1.91995998	0	0
1.92096048	0	0
1.92196098	0	0
1.922961481	0	0
1.923961981	0	0
1.924962481	0	0
1.925962981	0	0
1.926963482	0	0
1.927963982	0	0
1.928964482	0	0
1.929964982	0	0
1.930965483	0	0
1.931965983	0	0
1.932966483	0	0
1.933966983	0	0
1.934967484	0	0
1.935967984	0	0
1.936968484	0	0
1.937968984	0	0
1.938969485	0	0
1.939969985	0	0
1.940970485	0	0
1.941970985	0	0
1.942971486	0	0
1.943971986	0	0
1.944972486	0	0
1.945972986	0	0
1.946973487	0	0
1.947973987	0	0
1.948974487	0	0
1.949974987	0	0
1.950975488	0	0
1.951975988	0	0
1.952976488	0	0
1.953976988	0	0
1.954977489	0	0
1.955977989	0	0
1.956978489	0	0
1.957978989	0	0
1.95897949	0	0
1.95997999	0	0
1.96098049	0	0
1.96198099	0	0
1.962981491	0	0
1.963981991	0	0
1.964982491	0	0
1.965982991	0	0
1.966983492	0	0
1.967983992	0	0
1.968984492	0	0
1.969984992	0	0
1.970985493	0	0
1.971985993	0	0
1.972986493	0	0
1.973986993	0	0
1.974987494	0	0
1.975987994	0	0
1.976988494	0	0
1.977988994	0	0
1.978989495	0	0
1.979989995	0	0
1.980990495	0	0
1.981990995	0	0
1.982991496	0	0
1.983991996	0	0
1.984992496	0	0
1.985992996	0	0
1.986993497	0	0
1.987993997	0	0
1.988994497	0	0
1.989994997	0	0
1.990995498	0	0
1.991995998	0	0
1.992996498	0	0
1.993996998	0	0
1.994997499	0	0
1.995997999	0	0
1.996998499	0	0
1.997998999	0	0
1.9989995	0	0
2	0	0
